-0.026248       0.00225099      0.0348281
-0.0198813      0.00905923      0.0421344
0.00579979      0.00627379      0.0142555
-0.0680115      -0.00998027     0.0446466
0.00978011      0.0046778       0.00803362
-0.0482662      0.00380355      0.05409
0.0172708       0.0154708       0.0211089
-0.0738208      -0.0206102      0.0295548
0.00993061      0.00555384      0.0100571
-0.0198399      0.0184511       0.0584932
0.0247546       0.00439072      -0.00917376
-0.0956935      -0.0276871      0.0307523
0.0392268       0.00378166      -0.023135
-0.0803368      -0.0132601      0.0435017
0.0331329       0.0333642       0.0418869
-0.0541028      -0.0199693      0.0151494
0.0130292       0.007577        0.0113597
0.0113737       0.03322 0.060478
0.02395 -0.0105935      -0.0409456
-0.102645       -0.0317271      0.0241216
0.0572885       0.0116751       -0.0250907
-0.0659555      -0.00944452     0.0369061
0.0433754       0.0312095       0.0266028
-0.0739756      -0.0319268      0.00654983
0.0634235       0.0268666       0.00132766
-0.0205143      0.0128374       0.0446251
0.0233227       -0.000756491    -0.0220962
-0.0947183      -0.0380505      0.00626627
0.0336945       -0.0153236      -0.0612851
-0.087738       -0.0267633      0.0166874
0.0594252       0.0532418       0.0576682
-0.0271685      -0.0142691      0.00337413
0.0199515       0.0111587       0.0116738
0.0466865       0.0474517       0.0577638
0.00404164      -0.0350877      -0.0757925
-0.0869718      -0.0307855      0.00643749
0.0801196       0.0276395       -0.0171118
-0.0462771      -0.0117974      0.0132842
0.0424296       0.0262253       0.0142286
-0.0741982      -0.0394182      -0.0113017
0.0807973       0.0434806       0.0167394
0.00637151      0.0159499       0.0276254
-0.0031537      -0.0243418      -0.0490703
-0.0748445      -0.033566       -0.00722206
0.0321512       -0.0169779      -0.0658803
-0.0641673      -0.0259687      -0.00487266
0.0757687       0.0602675       0.0558067
-0.0383876      -0.0264535      -0.0118698
0.0627086       0.0377863       0.0229134
0.0397327       0.0321512       0.0327409
-0.0291919      -0.0508214      -0.0798231
-0.0565298      -0.0241699      -0.00862075
0.0603814       0.0106584       -0.0369406
-0.0465892      -0.0248821      -0.0164127
0.065038        0.0505143       0.042885
-0.0541693      -0.0387414      -0.025051
0.100963        0.0573587       0.0210413
-0.0104107      -0.00942674     -0.0111363
0.00294022      -0.00532303     -0.0180455
-0.0494737      -0.0314161      -0.0233611
-0.0215044      -0.0525611      -0.0900466
-0.0366532      -0.0189493      -0.0173653
0.0829616       0.0610996       0.0527713
-0.00957126     -0.0107581      -0.00631138
0.0175762       0.00960647      0.00882142
0.074274        0.0504381       0.040054
-0.0508695      -0.0695181      -0.0978328
-0.0201811      -0.0110439      -0.0165418
0.093896        0.0531676       0.0161404
-0.0179506      -0.0238521      -0.035539
0.0220991       0.0187724       0.0129035
-0.0380153      -0.0330635      -0.0340829
0.0886835       0.0630539       0.0441895
0.0263813       0.00351383      -0.0134902
-0.0551357      -0.0525102      -0.0620016
-0.00366734     -0.00609973     -0.0189439
0.0111997       -0.0178488      -0.0506994
-0.0157714      -0.0215422      -0.0379156
0.0786445       0.0619605       0.0547231
-0.0401499      -0.0383878      -0.0353778
0.0523694       0.0397755       0.0332057
0.0518771       0.0210557       0.00133325
-0.0828894      -0.0783899      -0.0875349
0.0205941       0.00701624      -0.015611
0.0538811       0.0255457       -0.00380437
-0.0112646      -0.0280875      -0.051748
0.0526596       0.0478108       0.0454072
-0.0349484      -0.0389356      -0.0445397
0.0992924       0.0761667       0.0559487
0.00504917      -0.0231669      -0.0503505
-0.033207       -0.0193566      -0.0165716
0.0138344       -0.00421246     -0.0275294
-0.0541005      -0.0602771      -0.0747328
0.0224916       -0.00144751     -0.0311961
0.0783362       0.0531742       0.0407825
-0.0281789      -0.0276746      -0.0244119
0.0218671       0.0194707       0.0207485
0.0564727       0.0216602       -0.000660493
-0.10021        -0.0866336      -0.0864393
0.0539952       0.0215114       -0.0142552
0.0654462       0.048327        0.0302007
-0.000961022    -0.0312808      -0.0643573
0.0282681       0.0351611       0.0393133
-0.0112776      -0.0273065      -0.0449672
0.085095        0.0757103       0.0673831
0.0121841       -0.0245625      -0.0574366
-0.0629793      -0.0378441      -0.0267683
0.0552049       0.0196983       -0.0175061
-0.0432746      -0.0421493      -0.0470077
0.0360835       -0.00117843     -0.0386463
0.0678682       0.0501423       0.0422963
-0.040624       -0.0412797      -0.0408158
0.0497062       0.0504989       0.0519864
0.0261775       -0.0124137      -0.0429284
-0.0996896      -0.0702133      -0.0555313
0.0850309       0.0386741       -0.00589903
0.00700079      0.00568428      0.0013108
0.022459        -0.0168605      -0.0552226
0.0510149       0.0490734       0.0505208
-0.0297424      -0.0404803      -0.0511342
0.0771962       0.0748529       0.0708108
0.00329275      -0.0356026      -0.0734216
-0.0204428      0.00506647      0.0201181
0.0471943       0.0102295       -0.0261503
-0.0951475      -0.0743997      -0.0615437
0.0791738       0.0281392       -0.0159204
0.0485543       0.0222768       0.00714531
-0.0355103      -0.0280318      -0.0204124
-0.026605       -0.0172135      -0.00800893
0.0407321       0.0115645       -0.00669943
-0.105812       -0.0789319      -0.0604724
0.0940232       0.0387453       -0.00714869
0.0623151       0.066974        0.0690768
0.00621097      -0.0338385      -0.0721942
-0.00505247     0.019558        0.035584
0.0436721       0.00711887      -0.0278668
0.0402462       0.0524051       0.0614492
0.00661702      -0.0306582      -0.0630852
-0.0865491      -0.0483304      -0.0233232
0.114039        0.0561732       0.00632887
-0.0248828      -0.0102584      0.00252646
0.0471107       -0.000591499    -0.0396712
0.0390171       0.0373229       0.0395423
-0.0357762      -0.0431226      -0.0505293
-0.00541681     0.0113705       0.0250297
0.0106571       -0.0209633      -0.0454632
-0.105498       -0.067983       -0.0399856
0.123453        0.0612139       0.0125047
0.0199276       0.0336234       0.0456484
0.0253551       -0.017046       -0.0533265
0.0219665       0.036161        0.0476174
0.00589827      -0.0173871      -0.0397313
0.0481558       0.0648739       0.076766
-0.00127648     -0.036419       -0.0698158
-0.0402926      -0.00452699     0.0198401
0.102418        0.0497304       0.00421402
-0.0718889      -0.0456752      -0.0201607
0.0826861       0.0283597       -0.00910425
0.0202483       0.00966841      0.00557177
-0.0555606      -0.04813        -0.042226
-0.0364622      -0.0163994      -0.000302319
0.000174796     -0.0226662      -0.039408
-0.097086       -0.0612657      -0.0297669
0.122901        0.0611246       0.0186681
0.0276763       0.0464204       0.0629047
0.0180351       -0.0182441      -0.048942
0.00913934      0.0306937       0.0465592
0.0387991       0.00756974      -0.0211129
0.0228519       0.0462346       0.0631419
-0.00895554     -0.0364174      -0.0630854
-0.0464098      -0.00992958     0.0171033
0.123705        0.067391        0.0229693
-0.0483693      -0.0234141      0.00408938
0.0685253       0.0214477       -0.00686088
0.00843968      0.00772345      0.0104258
-0.0487761      -0.0464116      -0.0453558
-0.0159359      0.0099069       0.0290393
-0.0178838      -0.0381805      -0.057104
-0.066538       -0.030805       -0.000209837
0.132911        0.0740684       0.0340132
-0.0101494      0.0121891       0.0363488
0.0414032       0.00525322      -0.0172283
0.010484        0.0213431       0.031198
-0.00861369     -0.0211083      -0.0333066
0.023528        0.0478557       0.0667141
0.00136327      -0.0213165      -0.042815
-0.00466912     0.0228365       0.0428295
0.0930703       0.0510906       0.0165243
-0.0649288      -0.0375002      -0.00535765
0.0916581       0.0437884       0.0212581
-0.0210253      -0.0252966      -0.0264817
-0.0649368      -0.0487123      -0.0359522
-0.0604821      -0.0378471      -0.0203789
-0.0302852      -0.0373684      -0.0426246
-0.0622144      -0.0343032      -0.0026191
0.106039        0.0570458       0.0340831
0.0132422       0.036691        0.0576131
0.0154986       -0.00388055     -0.0182466
0.00964489      0.0292529       0.0436068
0.0592211       0.0310677       0.00686512
-0.0119478      0.0157141       0.0352634
-0.0209119      -0.0300764      -0.0419979
-0.0164707      0.00921239      0.03151
0.118692        0.0735571       0.0443972
-0.0279594      -0.00706875     0.0208065
0.0522714       0.023725        0.0168149
-0.016339       -0.00927031     -0.00186638
-0.0358361      -0.0338344      -0.0330012
-0.0452484      -0.0185663      0.000645577
-0.0381764      -0.0403405      -0.0452245
-0.0262467      -0.00448024     0.0199295
0.108039        0.0665542       0.048044
-0.00585293     0.0140125       0.0373196
0.0322207       0.0166483       0.0146237
-0.000653761    0.0108171       0.0200683
0.011204        0.00132736      -0.00790328
-0.00215843     0.0223145       0.0403604
-0.00154906     -0.00383125     -0.00821024
0.0172185       0.0330447       0.0452916
0.0917027       0.0621913       0.0414931
-0.028704       -0.0132243      0.0129905
0.0583696       0.0338214       0.0366735
-0.0477135      -0.0407305      -0.0341017
-0.0596929      -0.0461048      -0.0352494
-0.0602638      -0.0372275      -0.0203908
-0.0514232      -0.0446122      -0.0415308
-0.00961431     0.00260213      0.0228439
0.0787201       0.0510477       0.048868
-0.00221264     0.0151021       0.0337765
0.0239687       0.0225853       0.029621
0.00774837      0.0169345       0.0235234
0.035973        0.0253849       0.0163436
-0.0201616      0.00225238      0.0171877
-0.00977774     -0.000849387    0.00251672
0.0310884       0.0383369       0.0455291
0.085149        0.0638372       0.0536973
-0.0115981      -0.00294854     0.0176885
0.0343671       0.0261672       0.0428731
-0.0504667      -0.0405261      -0.0317423
-0.0411961      -0.0326018      -0.0253751
-0.0443038      -0.0232282      -0.00956676
-0.0343651      -0.019879       -0.01287
0.0319473       0.0337363       0.0411385
0.0692335       0.0534136       0.0553474
-0.00491769     0.00328079      0.0196663
0.0246245       0.0288722       0.0501626
-0.0265938      -0.0191145      -0.0130119
-0.00208527     -0.000436291    0.000965345
-0.0116606      0.00307823      0.0140147
0.015211        0.0310912       0.045234
0.0362302       0.0360176       0.0349633
0.0594639       0.0522713       0.0488936
0.013455        0.0109819       0.0226741
0.0209789       0.0207768       0.0462668
-0.0697956      -0.0540665      -0.0422269
-0.0532101      -0.0413022      -0.0314459
-0.0546892      -0.0423495      -0.0323653
-0.0701378      -0.0529669      -0.0404475
0.0241054       0.01756 0.0253471
0.0127284       0.0169918       0.0458041
-0.0129128      -0.00335655     0.00358671
0.0211935       0.0432718       0.063987
0.0365665       0.031273        0.02586
0.0486139       0.0488006       0.0509491
-0.0429265      -0.0306562      -0.0245093
-0.0226568      0.00266064      0.0182309
0.0654037       0.0514992       0.0449662
0.0310072       0.0359227       0.0533649
0.00513406      0.00210025      0.00867642
0.00877066      0.029217        0.0654071
-0.0415042      -0.0358711      -0.0314803
0.00224449      0.00701533      0.0118839
-0.0493534      -0.0407082      -0.0353938
-0.0517087      -0.026387       -0.0097401
0.0629769       0.0444893       0.0383708
-0.00423807     0.010714        0.0429869
-0.00402167     -0.00531018     -0.00335266
0.0215708       0.0494927       0.0832039
-0.00121747     -0.00571736     -0.0105166
0.0288653       0.0352876       0.0412461
-0.0293509      -0.0252777      -0.026291
0.0159882       0.0476171       0.0702724
0.0724956       0.052113        0.0358753
0.0241549       0.0386009       0.0563328
0.0306824       0.0147618       0.0123516
-0.02379        0.0047529       0.0514535
-0.071509       -0.0581161      -0.0475166
-0.0125627      -0.00934148     -0.00463617
-0.0370702      -0.0352385      -0.033654
-0.0604264      -0.0349549      -0.017106
0.0704746       0.0444953       0.0323236
-0.0415146      -0.0119083      0.0332243
-0.0107859      -0.0163299      -0.0218375
0.0307641       0.0659054       0.100472
0.0212708       0.00707022      -0.00605955
0.0298739       0.0430839       0.0547932
-0.032952       -0.0355538      -0.0421942
0.0141523       0.0488148       0.0724468
0.0897192       0.0595832       0.0360986
-0.0120665      0.0155589       0.0456697
0.0275662       0.00826106      -0.000722677
-0.0277958      0.0104322       0.0609532
-0.0626616      -0.0557996      -0.0503174
0.0121981       0.0141508       0.0183468
-0.0312895      -0.0371665      -0.0441208
-0.0161867      0.0158571       0.0372989
0.0974202       0.0624624       0.0377241
-0.0548464      -0.0170087      0.0266034
0.00663191      -0.00926894     -0.0207348
0.00514038      0.0454314       0.0903659
-0.0281615      -0.0349787      -0.0412782
0.0292875       0.0378977       0.0464747
-0.0227591      -0.0333546      -0.0470552
0.0465416       0.0842644       0.113397
0.0655512       0.03572 0.0095856
-0.00153917     0.0270668       0.0520665
0.0608669       0.0305531       0.0114957
-0.0748843      -0.0287889      0.0269518
-0.067201       -0.0509432      -0.0382225
0.00952936      0.00192353      -0.00079251
-0.0027559      -0.0139312      -0.0207146
-0.0504292      -0.0274455      -0.0105504
0.0831105       0.0473092       0.0223438
-0.0948413      -0.0458195      0.00950466
-0.0144637      -0.030213       -0.0478132
0.0487023       0.0877253       0.121159
0.0297707       0.0046713       -0.0178871
0.0131381       0.0369514       0.0564207
-0.019962       -0.0365805      -0.0538584
0.0350531       0.0680811       0.090167
0.0984291       0.0584231       0.0247301
-0.0687901      -0.023238       0.0180979
0.02608 0.00114026      -0.0192086
-0.0363624      0.00970473      0.0587871
-0.0539777      -0.0549651      -0.0554225
0.0407584       0.039499        0.0419542
-0.00280839     -0.0226107      -0.0386658
0.00261737      0.0293274       0.0475438
0.0997512       0.0591104       0.0257219
-0.110208       -0.0573041      -0.00711496
0.000896314     -0.0200984      -0.0414459
0.0170837       0.0578185       0.0960008
-0.0210323      -0.0359904      -0.0488849
0.0366673       0.0475825       0.0577152
-0.0172684      -0.0377722      -0.0604227
0.0718504       0.103495        0.125412
0.0656121       0.0299643       -0.00230866
-0.0405529      -0.00128806     0.0294906
0.0529863       0.0226006       -0.00357557
-0.0942223      -0.0435868      0.00664756
-0.0526259      -0.0448858      -0.0377042
0.0482609       0.0323887       0.0247566
0.0226389       -0.00209783     -0.0194268
-0.00294538     0.0157295       0.0291808
0.0866044       0.0495421       0.0168482
-0.13217        -0.0771712      -0.0279348
-0.00930926     -0.0295916      -0.0531607
0.0473914       0.0803993       0.107084
-0.00419134     -0.0255749      -0.0443661
0.0238191       0.0408723       0.0543036
-0.00749888     -0.0320809      -0.0566421
0.0810167       0.103859        0.117681
0.0691992       0.0335746       0.000226054
-0.0772575      -0.0324834      0.000950798
0.0307671       0.00691174      -0.0178903
-0.0720192      -0.0284389      0.0105301
-0.0476174      -0.0481417      -0.0467032
0.0663868       0.0516111       0.0450967
0.0156312       -0.0130545      -0.0365348
0.0587209       0.0742825       0.0835458
0.0767322       0.0428891       0.0100068
-0.124497       -0.073871       -0.0356167
0.00198853      -0.0159263      -0.0384852
-0.00529938     0.0263127       0.0514642
-0.0380847      -0.0487958      -0.0562704
0.0596835       0.0570837       0.0578243
-0.0126976      -0.0332149      -0.0571642
0.0934922       0.109823        0.118078
0.0215733       -0.00403594     -0.02827
-0.0275087      0.00120844      0.0201741
0.0429192       0.0219703       -0.00246707
-0.121203       -0.0780042      -0.0448612
-0.0149775      -0.0127397      -0.00882638
0.0726698       0.0449493       0.0292007
0.0673953       0.0374212       0.0194545
0.00237133      0.00481902      0.00840306
0.0431742       0.0244055       0.00104266
-0.13163        -0.089758       -0.0601423
-0.0148076      -0.0305698      -0.0515321
0.0906599       0.0995174       0.100777
-0.00181222     -0.0207575      -0.0383781
-0.00630864     0.0125195       0.0236917
0.02227 -0.00528355     -0.0279565
0.0946831       0.0953045       0.092349
0.0390219       0.0195851       -0.00319299
-0.112227       -0.074199       -0.0519648
-0.00737819     -0.0131691      -0.028339
-0.0197855      -0.00269793     0.004728
-0.0370068      -0.0448423      -0.0479079
0.0781459       0.0640299       0.0570429
0.0551712       0.0241801       0.00363453
0.0625523       0.0577354       0.0537985
0.0284669       0.0187347       0.00192271
-0.131866       -0.0980672      -0.0807422
-0.0216903      -0.0243711      -0.0366479
0.0505152       0.0514432       0.0440449
-0.033403       -0.0427203      -0.0486635
0.0475213       0.0447282       0.0424155
0.00165071      -0.0137168      -0.0298985
0.118731        0.107009        0.0916783
-0.0026475      -0.0106105      -0.0216412
-0.0574462      -0.0375205      -0.0304759
-0.0110996      -0.00426685     -0.0100233
-0.0695176      -0.0581973      -0.0600402
-0.0110723      -0.0189553      -0.0203239
0.0943985       0.0678936       0.0540024
0.0757051       0.0461172       0.0292797
0.0519221       0.0389105       0.0309698
-0.00483544     0.0037716       0.000611303
-0.112991       -0.0963427      -0.0962726
-0.0271612      -0.0216585      -0.025509
0.0843503       0.0659498       0.0414416
-0.0375387      -0.0395527      -0.0398779
0.027999        0.0243675       0.0186129
0.0170266       0.00494065      -0.00472664
0.120328        0.0951575       0.0708021
-0.0235776      -0.0152797      -0.0137509
-0.067492       -0.0577004      -0.0616067
-0.0377969      -0.0148974      -0.00735273
-0.022774       -0.0339906      -0.0567832
-0.0182873      -0.025523       -0.0251594
0.0913525       0.0675558       0.0548756
0.0490802       0.0315237       0.0224824
0.0979765       0.0710181       0.0495285
-0.0347653      -0.0126863      -0.00210828
-0.0841844      -0.0817829      -0.0945549
-0.0461871      -0.0192647      -0.00644582
0.0409995       0.0123952       -0.0236131
-0.0387544      -0.0380212      -0.0318565
0.0687817       0.0500473       0.037446
-0.0141536      -0.003265       0.00341488
0.115471        0.0759552       0.0369591
-0.0532679      -0.0355746      -0.0212314
-0.00795372     -0.0167192      -0.0315799
-0.0581788      -0.0173411      0.00661707
-0.0430675      -0.0640499      -0.0972242
0.0213611       0.00578281      0.000138367
0.0865902       0.0643895       0.0552716
0.0758996       0.0576098       0.0517607
0.0513059       0.0276253       0.0141269
-0.066655       -0.0208043      0.00903423
-0.049303       -0.0715455      -0.105734
-0.0375148      -0.0073355      0.0144362
0.0944657       0.0461889       -0.00185569
-0.0603367      -0.0398681      -0.0191352
0.0285564       0.00950651      -0.00906397
0.017265        0.025088        0.0365063
0.104106        0.0599835       0.02362
-0.0758219      -0.0333759      -0.000165842
-0.0247725      -0.0465521      -0.0756606
-0.0735134      -0.0195019      0.0192755
0.0274869       -0.0189947      -0.070189
-0.0209018      -0.0200316      -0.0107152
0.0702069       0.0498433       0.0394981
0.0392813       0.0412123       0.0512021
0.0749991       0.0384628       0.0128194
-0.0877262      -0.0314997      0.0126344
-0.0180364      -0.050907       -0.0899701
-0.0648178      -0.0116914      0.0304704
0.0621199       0.00709257      -0.047031
-0.0472269      -0.030114       -0.00790138
0.0503736       0.0283888       0.0134523
-0.0213267      0.0122088       0.0443197
0.0865789       0.0342657       -0.0101897
-0.0805096      -0.0368923      0.00365862
0.017155        -0.0120392      -0.0399704
-0.0899381      -0.0236666      0.0303931
0.0213302       -0.02831        -0.0787369
0.00466706      -0.00323039     -0.000462659
0.0468299       0.0399824       0.0430527
0.0269164       0.0355624       0.0521385
0.0392385       0.0131966       -0.00108523
-0.092918       -0.0291131      0.0263383
0.0155374       -0.0270215      -0.0683286
-0.0567243      -0.00327328     0.0456684
0.0552409       0.00444375      -0.0393121
-0.0530925      -0.0252337      0.00689218
0.0311537       0.0114303       -0.000923873
-0.0209885      0.0131837       0.0497828
0.0454874       0.00889027      -0.0172039
-0.0727645      -0.0265857      0.0194407
0.0224046       -0.00559972     -0.0273971
-0.0696038      -0.0140827      0.0386691
0.0299044       -0.00840606     -0.0394334
-0.0168969      -0.0105817      0.00430686
0.0102315       0.0118661       0.0214578
-0.0150588      0.00756403      0.0357067
0.00726373      -0.00415311     -0.00585657
-0.0445863      -0.012928       0.0228347
0.00590566      -0.0025883      -0.00268041